# Time x y
0.00 0.00 0.00
0.02 0.23 0.23
0.04 0.46 0.45
0.07 0.70 0.67
0.09 0.93 0.89
0.11 1.16 1.10
0.13 1.39 1.31
0.15 1.62 1.51
0.17 1.86 1.71
0.20 2.09 1.90
0.22 2.32 2.08
0.24 2.55 2.27
0.26 2.78 2.45
0.28 3.01 2.62
0.31 3.25 2.79
0.33 3.48 2.95
0.35 3.71 3.11
0.37 3.94 3.27
0.39 4.17 3.42
0.42 4.41 3.56
0.44 4.64 3.70
0.46 4.87 3.84
0.48 5.10 3.97
0.50 5.33 4.09
0.52 5.57 4.22
0.55 5.80 4.33
0.57 6.03 4.45
0.59 6.26 4.55
0.61 6.49 4.66
0.63 6.73 4.76
0.66 6.96 4.85
0.68 7.19 4.94
0.70 7.42 5.02
0.72 7.65 5.10
0.74 7.88 5.18
0.77 8.12 5.25
0.79 8.35 5.31
0.81 8.58 5.37
0.83 8.81 5.43
0.85 9.04 5.48
0.87 9.28 5.53
0.90 9.51 5.57
0.92 9.74 5.61
0.94 9.97 5.64
0.96 10.20 5.67
0.98 10.44 5.69
1.01 10.67 5.71
1.03 10.90 5.73
1.05 11.13 5.73
1.07 11.36 5.74
1.09 11.60 5.74
1.12 11.83 5.73
1.14 12.06 5.73
1.16 12.29 5.71
1.18 12.52 5.69
1.20 12.76 5.67
1.22 12.99 5.64
1.25 13.22 5.61
1.27 13.45 5.57
1.29 13.68 5.53
1.31 13.91 5.48
1.33 14.15 5.43
1.36 14.38 5.37
1.38 14.61 5.31
1.40 14.84 5.25
1.42 15.07 5.18
1.44 15.31 5.10
1.46 15.54 5.02
1.49 15.77 4.94
1.51 16.00 4.85
1.53 16.23 4.76
1.55 16.47 4.66
1.57 16.70 4.55
1.60 16.93 4.45
1.62 17.16 4.33
1.64 17.39 4.22
1.66 17.63 4.09
1.68 17.86 3.97
1.71 18.09 3.84
1.73 18.32 3.70
1.75 18.55 3.56
1.77 18.78 3.42
1.79 19.02 3.27
1.81 19.25 3.11
1.84 19.48 2.95
1.86 19.71 2.79
1.88 19.94 2.62
1.90 20.18 2.45
1.92 20.41 2.27
1.95 20.64 2.08
1.97 20.87 1.90
1.99 21.10 1.71
2.01 21.34 1.51
2.03 21.57 1.31
2.06 21.80 1.10
2.08 22.03 0.89
2.10 22.26 0.67
2.12 22.50 0.45
2.14 22.73 0.23
2.16 22.96 0.00
